original/ratio/verb/c4first/1/mask
|                          |   ave-alpha |   ave-n_pred_lus_c4 |   ave-n_pred_clusters |   ave-n_pred_clusters_c4 |   ave-pu |   ave-ipu |   ave-puf |   ave-bcp |   ave-bcr |   ave-bcf |
|:-------------------------|------------:|--------------------:|----------------------:|-------------------------:|---------:|----------:|----------:|----------:|----------:|----------:|
| 1_vanilla                |           1 |               nan   |                 370.3 |                    618.3 |     25.2 |      33.7 |      28.8 |      14.3 |      19.4 |      16.5 |
| 1_siamese_distance       |           1 |               nan   |                 373   |                    737.7 |     25.3 |      40.7 |      31.2 |      13.5 |      26   |      17.7 |
| 1_triplet_distance       |           1 |               nan   |                 439.3 |                    673.7 |     33.3 |      44.6 |      38.1 |      18.8 |      28.9 |      22.7 |
| 1_softmax_classification |           1 |               nan   |                 351.7 |                    758.3 |     28.4 |      51.9 |      36.7 |      14.4 |      36.8 |      20.7 |
| 1_arcface_classification |           1 |               nan   |                 444.7 |                    676.7 |     32.5 |      43.1 |      37   |      18.5 |      27.8 |      22.1 |
| 1_adacos_classification  |           1 |               nan   |                 412.7 |                    813   |     31.9 |      47.9 |      38.3 |      17.2 |      32.2 |      22.4 |
| 2_vanilla                |           1 |               856.3 |                 429.7 |                    494   |     26.1 |      32.8 |      29   |      12.8 |      17.5 |      14.7 |
| 2_siamese_distance       |           1 |              1764.7 |                 396.7 |                    503.3 |     23.6 |      27.5 |      25.4 |      12.4 |      14.4 |      13.3 |
| 2_triplet_distance       |           1 |               871.7 |                 353.7 |                    425   |     28   |      34.9 |      31   |      14.5 |      19.1 |      16.4 |
| 2_softmax_classification |           1 |              1164.3 |                 438.3 |                    518.3 |     25.9 |      27   |      26.4 |      13.5 |      14   |      13.8 |
| 2_arcface_classification |           1 |               865   |                 396.3 |                    469   |     27.1 |      34.7 |      30.4 |      13.9 |      19   |      16   |
| 2_adacos_classification  |           1 |               944.3 |                 365.3 |                    437.7 |     26.8 |      30.8 |      28.7 |      14.1 |      16.2 |      15   |


original/ratio/verb/c4first/1/wm
|                          |   ave-alpha |   ave-n_pred_lus_c4 |   ave-n_pred_clusters |   ave-n_pred_clusters_c4 |   ave-pu |   ave-ipu |   ave-puf |   ave-bcp |   ave-bcr |   ave-bcf |
|:-------------------------|------------:|--------------------:|----------------------:|-------------------------:|---------:|----------:|----------:|----------:|----------:|----------:|
| 1_vanilla                |      0      |               nan   |                 536.7 |                    725   |     51.6 |      48.1 |      49.8 |      38.3 |      34.5 |      36.3 |
| 1_siamese_distance       |      0.0667 |               nan   |                 448   |                    578   |     57.9 |      66.8 |      61.9 |      46.4 |      55.5 |      50.3 |
| 1_triplet_distance       |      0.2    |               nan   |                 509   |                    796   |     71.3 |      70.2 |      70.8 |      61.6 |      59.8 |      60.7 |
| 1_softmax_classification |      0.1    |               nan   |                 450.3 |                    639.3 |     67.5 |      76.4 |      71.7 |      55.3 |      66.4 |      60.3 |
| 1_arcface_classification |      0.2667 |               nan   |                 517.7 |                    735   |     70.7 |      70.1 |      70.4 |      60.7 |      59.2 |      59.9 |
| 1_adacos_classification  |      0.3667 |               nan   |                 474.3 |                    698   |     69.3 |      75.9 |      72.4 |      57.9 |      65.9 |      61.6 |
| 2_vanilla                |      0.6667 |               856.7 |                 375   |                    446.7 |     32.1 |      42.1 |      36.4 |      17.8 |      25.5 |      20.9 |
| 2_siamese_distance       |      0.2667 |              1862.3 |                 575.7 |                    701.7 |     65.3 |      64   |      64.6 |      54.4 |      52.4 |      53.3 |
| 2_triplet_distance       |      0.5333 |               940.7 |                 327.3 |                    398.3 |     61   |      71.8 |      65.9 |      48.5 |      60.6 |      53.7 |
| 2_softmax_classification |      0.4667 |              1149.7 |                 620.3 |                    709.3 |     73.8 |      67.4 |      70.2 |      63.6 |      55.6 |      59   |
| 2_arcface_classification |      0.5667 |               889.7 |                 355.3 |                    426   |     53.8 |      64.3 |      58.6 |      41.2 |      51.5 |      45.7 |
| 2_adacos_classification  |      0.5    |               972.7 |                 448.7 |                    527   |     69.8 |      72   |      70.8 |      58.6 |      61.4 |      59.8 |


original/ratio/verb/c4first/1/word
|                          |   ave-alpha |   ave-n_pred_lus_c4 |   ave-n_pred_clusters |   ave-n_pred_clusters_c4 |   ave-pu |   ave-ipu |   ave-puf |   ave-bcp |   ave-bcr |   ave-bcf |
|:-------------------------|------------:|--------------------:|----------------------:|-------------------------:|---------:|----------:|----------:|----------:|----------:|----------:|
| 1_vanilla                |           0 |               nan   |                 536.7 |                    725   |     51.6 |      48.1 |      49.8 |      38.3 |      34.5 |      36.3 |
| 1_siamese_distance       |           0 |               nan   |                 445.3 |                    568.3 |     57.2 |      67.2 |      61.6 |      45.5 |      55.9 |      49.9 |
| 1_triplet_distance       |           0 |               nan   |                 524.7 |                    782   |     71.9 |      68.9 |      70.4 |      62.6 |      58.2 |      60.3 |
| 1_softmax_classification |           0 |               nan   |                 450.3 |                    634   |     67.6 |      76.4 |      71.7 |      55.4 |      66.4 |      60.4 |
| 1_arcface_classification |           0 |               nan   |                 503   |                    665.7 |     70.2 |      69.5 |      69.8 |      60.4 |      58.9 |      59.6 |
| 1_adacos_classification  |           0 |               nan   |                 445   |                    611.3 |     69   |      75.8 |      72.3 |      57.8 |      66   |      61.6 |
| 2_vanilla                |           0 |               870.7 |                 442   |                    505.7 |     47.4 |      57.2 |      51.8 |      35.7 |      44.3 |      39.4 |
| 2_siamese_distance       |           0 |              2231.3 |                 612   |                    757.3 |     66.4 |      64.4 |      65.4 |      55.8 |      52.6 |      54.1 |
| 2_triplet_distance       |           0 |              1301.3 |                 413   |                    475.7 |     69   |      71.6 |      70.2 |      59.2 |      61.4 |      60.1 |
| 2_softmax_classification |           0 |              1802   |                 911.7 |                   1098.7 |     80.8 |      61.7 |      69.8 |      73.1 |      49.8 |      59   |
| 2_arcface_classification |           0 |              1032.7 |                 373.3 |                    404.7 |     61.4 |      69.8 |      65.3 |      51.2 |      59.2 |      54.9 |
| 2_adacos_classification  |           0 |              1610.7 |                 735.7 |                    869   |     78.9 |      66   |      71.7 |      70.6 |      55.1 |      61.7 |




original/ratio/verb/c4first/2/mask
|                          |   ave-alpha |   ave-n_pred_lus_c4 |   ave-n_pred_clusters |   ave-n_pred_clusters_c4 |   ave-pu |   ave-ipu |   ave-puf |   ave-bcp |   ave-bcr |   ave-bcf |
|:-------------------------|------------:|--------------------:|----------------------:|-------------------------:|---------:|----------:|----------:|----------:|----------:|----------:|
| 1_vanilla                |           1 |               nan   |                 404   |                    781.3 |     25.7 |      34.8 |      29.6 |      15   |      20.1 |      17.2 |
| 1_siamese_distance       |           1 |               nan   |                 425.7 |                   1017.3 |     26.1 |      40.1 |      31.6 |      14.2 |      25.6 |      18.3 |
| 1_triplet_distance       |           1 |               nan   |                 494.3 |                    864.3 |     34.3 |      43.9 |      38.5 |      19.8 |      28.3 |      23.2 |
| 1_softmax_classification |           1 |               nan   |                 425   |                   1072.7 |     29.3 |      51.3 |      37.3 |      15.2 |      36.1 |      21.4 |
| 1_arcface_classification |           1 |               nan   |                 502.3 |                    867.3 |     33.2 |      43.4 |      37.6 |      19.2 |      28   |      22.7 |
| 1_adacos_classification  |           1 |               nan   |                 477.3 |                   1120.3 |     32.6 |      47.7 |      38.7 |      17.8 |      32.1 |      22.9 |
| 2_vanilla                |           1 |               915.3 |                 393   |                    474   |     27   |      31.4 |      29   |      13.7 |      16.7 |      15   |
| 2_siamese_distance       |           1 |              2544   |                 442.3 |                    576.3 |     24.4 |      29   |      26.5 |      13.1 |      15.4 |      14.1 |
| 2_triplet_distance       |           1 |               979.7 |                 354.7 |                    437   |     30.2 |      33.4 |      31.7 |      16.5 |      17.8 |      17.1 |
| 2_softmax_classification |           1 |              1637.3 |                 526.3 |                    636.7 |     28.4 |      28.5 |      28.4 |      15.6 |      15.3 |      15.4 |
| 2_arcface_classification |           1 |               956.3 |                 381.7 |                    464.3 |     28.9 |      32.8 |      30.7 |      15.5 |      17.6 |      16.4 |
| 2_adacos_classification  |           1 |              1189   |                 398   |                    473.7 |     28.9 |      28.9 |      28.9 |      16   |      15.1 |      15.5 |


original/ratio/verb/c4first/2/wm
|                          |   ave-alpha |   ave-n_pred_lus_c4 |   ave-n_pred_clusters |   ave-n_pred_clusters_c4 |   ave-pu |   ave-ipu |   ave-puf |   ave-bcp |   ave-bcr |   ave-bcf |
|:-------------------------|------------:|--------------------:|----------------------:|-------------------------:|---------:|----------:|----------:|----------:|----------:|----------:|
| 1_vanilla                |      0      |               nan   |                 574.3 |                    867   |     53.5 |      49.4 |      51.3 |      40.3 |      36   |      38   |
| 1_siamese_distance       |      0.0667 |               nan   |                 486.3 |                    664.7 |     58.5 |      66.8 |      62.1 |      47   |      55.8 |      50.7 |
| 1_triplet_distance       |      0.2    |               nan   |                 533   |                    924   |     72.1 |      70.8 |      71.5 |      62.6 |      60.4 |      61.5 |
| 1_softmax_classification |      0.1    |               nan   |                 461.7 |                    723.3 |     67.9 |      76.5 |      72   |      55.7 |      66.4 |      60.6 |
| 1_arcface_classification |      0.2667 |               nan   |                 529   |                    819.7 |     70.8 |      69.6 |      70.1 |      61.1 |      58.9 |      59.9 |
| 1_adacos_classification  |      0.3667 |               nan   |                 494.3 |                    800.7 |     70.7 |      76.1 |      73.3 |      59.4 |      66.3 |      62.6 |
| 2_vanilla                |      0.6667 |               916.3 |                 351.7 |                    434   |     34.3 |      42.5 |      37.9 |      19.6 |      25.8 |      22.2 |
| 2_siamese_distance       |      0.2667 |              2544.3 |                 647.7 |                    834.3 |     66.6 |      63.9 |      65.2 |      56.4 |      52   |      54   |
| 2_triplet_distance       |      0.5333 |              1124.3 |                 348.3 |                    433.3 |     64.1 |      72.4 |      68   |      52.1 |      61.6 |      56.4 |
| 2_softmax_classification |      0.4667 |              1515.3 |                 704   |                    833.7 |     76.5 |      65.1 |      70.1 |      66.9 |      53.5 |      59.1 |
| 2_arcface_classification |      0.5667 |              1017.7 |                 344   |                    420.7 |     55.8 |      64.8 |      59.9 |      43.5 |      52.4 |      47.4 |
| 2_adacos_classification  |      0.5    |              1218.3 |                 500   |                    594.3 |     72.4 |      70.2 |      71.1 |      61.9 |      59.3 |      60.4 |


original/ratio/verb/c4first/2/word
|                          |   ave-alpha |   ave-n_pred_lus_c4 |   ave-n_pred_clusters |   ave-n_pred_clusters_c4 |   ave-pu |   ave-ipu |   ave-puf |   ave-bcp |   ave-bcr |   ave-bcf |
|:-------------------------|------------:|--------------------:|----------------------:|-------------------------:|---------:|----------:|----------:|----------:|----------:|----------:|
| 1_vanilla                |           0 |               nan   |                 574.3 |                    867   |     53.5 |      49.4 |      51.3 |      40.3 |      36   |      38   |
| 1_siamese_distance       |           0 |               nan   |                 477.3 |                    653   |     57.9 |      66.9 |      61.8 |      46.4 |      55.8 |      50.4 |
| 1_triplet_distance       |           0 |               nan   |                 539.3 |                    892.7 |     72.3 |      69.1 |      70.6 |      63.2 |      58.5 |      60.8 |
| 1_softmax_classification |           0 |               nan   |                 461.7 |                    711.3 |     67.8 |      76.4 |      71.8 |      55.6 |      66.1 |      60.4 |
| 1_arcface_classification |           0 |               nan   |                 524.7 |                    737.3 |     70.7 |      68.9 |      69.8 |      61.1 |      58.4 |      59.7 |
| 1_adacos_classification  |           0 |               nan   |                 454.7 |                    682.3 |     69.6 |      76.2 |      72.8 |      58.4 |      66.4 |      62.2 |
| 2_vanilla                |           0 |               966.3 |                 437   |                    509.3 |     49.1 |      57   |      52.7 |      37.9 |      44.6 |      40.9 |
| 2_siamese_distance       |           0 |              3063   |                 660   |                    852.3 |     66.4 |      64.5 |      65.4 |      55.8 |      52.4 |      54   |
| 2_triplet_distance       |           0 |              1727.3 |                 448.3 |                    538.7 |     70.8 |      70.8 |      70.8 |      61.5 |      60.5 |      60.9 |
| 2_softmax_classification |           0 |              2421.7 |                 947.7 |                   1226.3 |     81   |      62.9 |      70.6 |      73   |      51   |      59.8 |
| 2_arcface_classification |           0 |              1299.3 |                 384.7 |                    426   |     63.2 |      69   |      66   |      53.5 |      58.5 |      55.8 |
| 2_adacos_classification  |           0 |              2140   |                 715   |                    871.3 |     78.2 |      67.5 |      72.4 |      69.8 |      56.4 |      62.2 |




original/frequency_100/verb/c4first/1/mask
|                          |   ave-alpha |   ave-n_pred_lus_c4 |   ave-n_pred_clusters |   ave-n_pred_clusters_c4 |   ave-pu |   ave-ipu |   ave-puf |   ave-bcp |   ave-bcr |   ave-bcf |
|:-------------------------|------------:|--------------------:|----------------------:|-------------------------:|---------:|----------:|----------:|----------:|----------:|----------:|
| 1_vanilla                |           1 |               nan   |                 354.7 |                    599   |     23.8 |      33.9 |      28   |      13.3 |      19.5 |      15.8 |
| 1_siamese_distance       |           1 |               nan   |                 363.7 |                    719.7 |     25.3 |      41.4 |      31.4 |      13.5 |      26.6 |      17.9 |
| 1_triplet_distance       |           1 |               nan   |                 444.7 |                    677.7 |     32.7 |      41.7 |      36.7 |      18.5 |      26.2 |      21.6 |
| 1_softmax_classification |           1 |               nan   |                 374.3 |                    818.7 |     28.4 |      52.6 |      36.8 |      14.6 |      37.6 |      21   |
| 1_arcface_classification |           1 |               nan   |                 588.7 |                    737.7 |     35.8 |      45   |      39.9 |      21.6 |      29.5 |      24.9 |
| 1_adacos_classification  |           1 |               nan   |                 413.7 |                    809.3 |     31.8 |      46.4 |      37.7 |      17.1 |      30.9 |      22   |
| 2_vanilla                |           1 |               766   |                 421.3 |                    520.3 |     23.3 |      29.2 |      25.9 |      12   |      14.9 |      13.3 |
| 2_siamese_distance       |           1 |              1692   |                 430.7 |                    571.3 |     23   |      23.7 |      23.2 |      12.1 |      11.6 |      11.8 |
| 2_triplet_distance       |           1 |               781   |                 381.7 |                    477.3 |     25   |      31.3 |      27.8 |      13.4 |      16.4 |      14.7 |
| 2_softmax_classification |           1 |              1064.3 |                 425.3 |                    526.3 |     24   |      25.9 |      24.9 |      12.3 |      12.9 |      12.6 |
| 2_arcface_classification |           1 |               778.3 |                 393.7 |                    494.7 |     24   |      29.9 |      26.6 |      12.5 |      15.6 |      13.9 |
| 2_adacos_classification  |           1 |               866.3 |                 378.7 |                    472   |     24   |      27.4 |      25.6 |      12.6 |      13.8 |      13.1 |


original/frequency_100/verb/c4first/1/wm
|                          |   ave-alpha |   ave-n_pred_lus_c4 |   ave-n_pred_clusters |   ave-n_pred_clusters_c4 |   ave-pu |   ave-ipu |   ave-puf |   ave-bcp |   ave-bcr |   ave-bcf |
|:-------------------------|------------:|--------------------:|----------------------:|-------------------------:|---------:|----------:|----------:|----------:|----------:|----------:|
| 1_vanilla                |      0      |               nan   |                 512.7 |                    685   |     47.5 |      45.3 |      46.3 |      34   |      31.6 |      32.7 |
| 1_siamese_distance       |      0.0667 |               nan   |                 431   |                    548.7 |     56.7 |      67.2 |      61.4 |      44.7 |      55.7 |      49.4 |
| 1_triplet_distance       |      0.2    |               nan   |                 492.7 |                    745.3 |     69.2 |      68   |      68.6 |      58.7 |      57.2 |      57.9 |
| 1_softmax_classification |      0.1    |               nan   |                 419.3 |                    598.3 |     65.6 |      76.1 |      70.4 |      53.1 |      66.1 |      58.9 |
| 1_arcface_classification |      0.2667 |               nan   |                 508.7 |                    704.7 |     71.6 |      74.5 |      73   |      62.1 |      65   |      63.5 |
| 1_adacos_classification  |      0.3667 |               nan   |                 444.7 |                    640.3 |     68.9 |      75.8 |      72.2 |      57.1 |      65.8 |      61.1 |
| 2_vanilla                |      0.6667 |               767.3 |                 398.7 |                    477   |     28.4 |      37.5 |      32.2 |      15.8 |      21.4 |      18.1 |
| 2_siamese_distance       |      0.2667 |              1703   |                 450   |                    533.7 |     59.6 |      66.3 |      62.7 |      47.7 |      54.7 |      51   |
| 2_triplet_distance       |      0.5333 |               867   |                 276.7 |                    327.7 |     52.3 |      69.7 |      59.8 |      38.8 |      57.7 |      46.4 |
| 2_softmax_classification |      0.4667 |              1050.7 |                 428.7 |                    486.7 |     63.9 |      71.2 |      67.3 |      51.7 |      60.4 |      55.6 |
| 2_arcface_classification |      0.5667 |               813.7 |                 350.3 |                    412   |     46.8 |      60.9 |      52.9 |      34.3 |      47.3 |      39.7 |
| 2_adacos_classification  |      0.5    |               898.7 |                 354.7 |                    409.7 |     59   |      71.9 |      64.8 |      46.5 |      60.5 |      52.5 |


original/frequency_100/verb/c4first/1/word
|                          |   ave-alpha |   ave-n_pred_lus_c4 |   ave-n_pred_clusters |   ave-n_pred_clusters_c4 |   ave-pu |   ave-ipu |   ave-puf |   ave-bcp |   ave-bcr |   ave-bcf |
|:-------------------------|------------:|--------------------:|----------------------:|-------------------------:|---------:|----------:|----------:|----------:|----------:|----------:|
| 1_vanilla                |           0 |               nan   |                 512.7 |                    685   |     47.5 |      45.3 |      46.3 |      34   |      31.6 |      32.7 |
| 1_siamese_distance       |           0 |               nan   |                 425   |                    541   |     56.1 |      67.3 |      61.1 |      44.1 |      55.9 |      49.1 |
| 1_triplet_distance       |           0 |               nan   |                 482   |                    698.3 |     69   |      66.8 |      67.9 |      58.9 |      56   |      57.4 |
| 1_softmax_classification |           0 |               nan   |                 416.3 |                    591.3 |     65.6 |      76   |      70.4 |      53.1 |      66.1 |      58.9 |
| 1_arcface_classification |           0 |               nan   |                 491   |                    617   |     71.2 |      73.3 |      72.2 |      61.6 |      63.8 |      62.7 |
| 1_adacos_classification  |           0 |               nan   |                 417.7 |                    563.3 |     67.9 |      75.4 |      71.5 |      56.2 |      65.4 |      60.4 |
| 2_vanilla                |           0 |               785.7 |                 456.7 |                    495.3 |     45.1 |      54.2 |      49.2 |      33.3 |      40.5 |      36.5 |
| 2_siamese_distance       |           0 |              2027.7 |                 471.7 |                    562   |     59.8 |      66.4 |      62.9 |      48   |      54.8 |      51.2 |
| 2_triplet_distance       |           0 |              1218.7 |                 308.3 |                    352.7 |     62.3 |      73   |      67.2 |      50.5 |      62.8 |      56   |
| 2_softmax_classification |           0 |              1594.3 |                 539.3 |                    626.7 |     71.7 |      69.9 |      70.7 |      60.9 |      58.8 |      59.7 |
| 2_arcface_classification |           0 |               964.3 |                 339   |                    360   |     57.6 |      69.1 |      62.8 |      47   |      58.4 |      52   |
| 2_adacos_classification  |           0 |              1426.7 |                 429   |                    482.3 |     69.2 |      72   |      70.5 |      57.9 |      61.4 |      59.5 |




original/frequency_100/verb/c4first/2/mask
|                          |   ave-alpha |   ave-n_pred_lus_c4 |   ave-n_pred_clusters |   ave-n_pred_clusters_c4 |   ave-pu |   ave-ipu |   ave-puf |   ave-bcp |   ave-bcr |   ave-bcf |
|:-------------------------|------------:|--------------------:|----------------------:|-------------------------:|---------:|----------:|----------:|----------:|----------:|----------:|
| 1_vanilla                |           1 |               nan   |                 394   |                    775.3 |     24.7 |      34   |      28.6 |      14.2 |      19.7 |      16.5 |
| 1_siamese_distance       |           1 |               nan   |                 422.7 |                   1028.7 |     25.4 |      40.5 |      31.2 |      13.7 |      26   |      17.9 |
| 1_triplet_distance       |           1 |               nan   |                 506.3 |                    871.7 |     33.3 |      42.8 |      37.4 |      19.3 |      26.8 |      22.4 |
| 1_softmax_classification |           1 |               nan   |                 419.3 |                   1120   |     28.7 |      51.8 |      36.9 |      14.8 |      36.7 |      21   |
| 1_arcface_classification |           1 |               nan   |                 497   |                    884   |     32.8 |      41.5 |      36.6 |      19   |      26.4 |      22   |
| 1_adacos_classification  |           1 |               nan   |                 481.3 |                   1143.3 |     32.5 |      47.2 |      38.5 |      17.8 |      31.4 |      22.7 |
| 2_vanilla                |           1 |               853   |                 392.3 |                    445   |     25.9 |      26.8 |      26.3 |      13.1 |      12.9 |      13   |
| 2_siamese_distance       |           1 |              2624.3 |                 472.3 |                    591.7 |     23.8 |      26   |      24.8 |      12.8 |      13.2 |      12.9 |
| 2_triplet_distance       |           1 |               893   |                 343   |                    397.3 |     27.5 |      28.4 |      27.9 |      14.4 |      14.2 |      14.3 |
| 2_softmax_classification |           1 |              1531.3 |                 517   |                    595.3 |     26.5 |      26   |      26.2 |      14.2 |      13   |      13.5 |
| 2_arcface_classification |           1 |               875.7 |                 358   |                    407.3 |     26.6 |      27.5 |      27   |      13.7 |      13.5 |      13.6 |
| 2_adacos_classification  |           1 |              1091.7 |                 389   |                    443.3 |     26.4 |      26.6 |      26.5 |      14.3 |      12.9 |      13.5 |


original/frequency_100/verb/c4first/2/wm
|                          |   ave-alpha |   ave-n_pred_lus_c4 |   ave-n_pred_clusters |   ave-n_pred_clusters_c4 |   ave-pu |   ave-ipu |   ave-puf |   ave-bcp |   ave-bcr |   ave-bcf |
|:-------------------------|------------:|--------------------:|----------------------:|-------------------------:|---------:|----------:|----------:|----------:|----------:|----------:|
| 1_vanilla                |      0      |               nan   |                 596   |                    887   |     51.7 |      46   |      48.7 |      38.9 |      32.6 |      35.5 |
| 1_siamese_distance       |      0.0667 |               nan   |                 483.7 |                    671.3 |     58.2 |      67.9 |      62.6 |      46.5 |      56.6 |      50.9 |
| 1_triplet_distance       |      0.2    |               nan   |                 547   |                    929.3 |     71.7 |      68.8 |      70.2 |      62.3 |      58   |      60.1 |
| 1_softmax_classification |      0.1    |               nan   |                 465   |                    746   |     67.6 |      76.2 |      71.6 |      55.4 |      66.2 |      60.3 |
| 1_arcface_classification |      0.2667 |               nan   |                 532.7 |                    809.3 |     70.6 |      69   |      69.7 |      60.7 |      58.1 |      59.3 |
| 1_adacos_classification  |      0.3667 |               nan   |                 496   |                    805.3 |     70.9 |      75.8 |      73.2 |      59.8 |      65.8 |      62.7 |
| 2_vanilla                |      0.6667 |               854   |                 351.7 |                    398.3 |     32.6 |      36.8 |      34.6 |      18.5 |      20.4 |      19.4 |
| 2_siamese_distance       |      0.2667 |              2593.7 |                 534.3 |                    681.3 |     62.2 |      65.7 |      63.9 |      50.8 |      54.2 |      52.4 |
| 2_triplet_distance       |      0.5333 |              1085.3 |                 328   |                    385.3 |     60.2 |      71.7 |      65.4 |      47.6 |      60.3 |      53.1 |
| 2_softmax_classification |      0.4667 |              1474.3 |                 579   |                    685.7 |     72   |      69.9 |      70.9 |      61.3 |      59   |      60   |
| 2_arcface_classification |      0.5667 |               971.7 |                 350.7 |                    401   |     53.2 |      63.1 |      57.7 |      40.7 |      50   |      44.8 |
| 2_adacos_classification  |      0.5    |              1155.3 |                 457.7 |                    521.3 |     69.2 |      72.1 |      70.6 |      57.8 |      61.3 |      59.4 |


original/frequency_100/verb/c4first/2/word
|                          |   ave-alpha |   ave-n_pred_lus_c4 |   ave-n_pred_clusters |   ave-n_pred_clusters_c4 |   ave-pu |   ave-ipu |   ave-puf |   ave-bcp |   ave-bcr |   ave-bcf |
|:-------------------------|------------:|--------------------:|----------------------:|-------------------------:|---------:|----------:|----------:|----------:|----------:|----------:|
| 1_vanilla                |           0 |               nan   |                 596   |                    887   |     51.7 |      46   |      48.7 |      38.9 |      32.6 |      35.5 |
| 1_siamese_distance       |           0 |               nan   |                 473.3 |                    660   |     57.6 |      68.2 |      62.3 |      46.2 |      56.9 |      50.8 |
| 1_triplet_distance       |           0 |               nan   |                 539.3 |                    881.3 |     72   |      68.2 |      70.1 |      62.9 |      57.5 |      60.1 |
| 1_softmax_classification |           0 |               nan   |                 459   |                    730.7 |     67.2 |      76.1 |      71.4 |      55.1 |      66   |      60   |
| 1_arcface_classification |           0 |               nan   |                 521.3 |                    728.7 |     70.6 |      67.5 |      69   |      61.1 |      56.8 |      58.8 |
| 1_adacos_classification  |           0 |               nan   |                 463   |                    706.3 |     69.3 |      75.5 |      72.3 |      57.9 |      65.6 |      61.5 |
| 2_vanilla                |           0 |               924   |                 460.3 |                    498   |     49.5 |      55.1 |      52.1 |      37.9 |      42.1 |      39.8 |
| 2_siamese_distance       |           0 |              3211.3 |                 581.7 |                    756.7 |     63.3 |      66.2 |      64.7 |      52   |      54.4 |      53.1 |
| 2_triplet_distance       |           0 |              1739   |                 367   |                    437.7 |     66   |      72.6 |      69.1 |      55.2 |      62.6 |      58.7 |
| 2_softmax_classification |           0 |              2418.3 |                 783   |                   1013   |     77.6 |      66.8 |      71.7 |      68.6 |      55.3 |      61.1 |
| 2_arcface_classification |           0 |              1297.7 |                 353   |                    382   |     59.1 |      70.8 |      64.4 |      48.6 |      60.7 |      53.9 |
| 2_adacos_classification  |           0 |              2161   |                 604   |                    730.7 |     74.8 |      70   |      72.2 |      65.1 |      59.3 |      61.9 |




